2033315439
2540490560
3182009127
1339860705
3948628734
2526296799
156690623
1973950093
2397538050
867822339
496937299
2575449405
1977818567
2467668907
3437510477
1749914749
1697591712
2091814039
3424574122
3323382532
1359897270
1318998578
4260335600
1819271009
3854795517
2950119396
2511263279
4178157368
868811602
4036725181
1677016595
1128617014
3319403487
2019358210
1044006468
4258674468
2403913785
3620988788
3808475377
1910866220
3138821888
872213423
3122700123
761900896
33522019
3994116732
1777953158
2676633570
2824827356
1809039950
2075714214
865503353
3544339161
869622276
1970376207
3194364412
2260098461
1547835343
1815869844
2069347579
1346984233
970919414
616819208
2783575250
1516145241
3956492149
4079155178
1542466947
3375716104
309079531
416377897
2754786177
874832470
1122667713
576023124
1835153591
2014920764
676744024
1690354581
1235111248
108966077
1377458563
308117876
3162459365
2363200656
2827639470
1004832967
598823767
229654230
3866449814
709192947
2905507661
2527707185
2630440050
2622242808
2625404514
3572398894
2785500381
2718873766
1678540018
4203131023
303397739
849419293
2570055375
3865003960
1601001619
1981875926
3787336620
4294124686
2207116871
3741662139
2607637197
2554580010
1655524996
3247796573
89759814
165861471
4184028349
817160237
704099875
943086512
647115478
2701528786
813911026
2438631368
3305322569
1861359759
480973302
4088394080
835834291
3020770830
2196359556
2454190482
2149643301
2470902955
3519359593
1475270346
3289896121
1031297746
3178906651
348567205
109376129
3400685783
2375931761
3787689807
274251647
3291559768
1878962331
2478340201
691169006
921778661
3668715841
1247712908
2784957780
879411071
3880180351
1879414450
1587995812
1600974893
2887291424
4161103508
3918898063
3210192635
1356614700
2863806663
1304356948
3314839110
1174741822
108847864
990855489
562867219
1167241211
4282451136
1430915665
2615984053
4165513583
2970011664
1570759640
3877135901
890284903
3229928339
14415446
2820194987
1887106981
2233183660
827016157
473154536
3995632571
3836783115
3007562153
1791383395
792451259
1171274595
210610450
4286276191
59785937
589078106
590209337
822110369
590789386
2163651273
516697317
3295703114
3601370084
2176777386
3326433358
277245713
3674116135
1467047100
432067589
1743343210
1803515453
3038296380
577796078
1256170608
49020738
1715089888
1846877502
4208811429
3118672692
3542475426
4094045875
27657432
3095349361
2357255859
3890762983
4165316675
898792103
3903186828
715027055
3838817101
1325143695
2851758972
2627699600
1905930272
4160706416
2945087432
4230823246
449320006
2362672771
871960869
2333740908
3136263480
1524024525
1778207697
1503927220
2720837076
272039501
2878910634
4202888224
3708778592
3117474380
2699442289
3673324729
151669415
2183360875
311472327
2681154200
3363112729
602103433
2458435691
431196263
2370701827
1259515162
3122122164
3165072875
403363295
3069765002
3678556561
4227585475
4155662416
2173655145
2349293665
638877460
1101063877
794411927
2286584306
1450784485
4271316914
3970791267
295386502
456661301
1992426270
3134594876
4076050900
2675226126
3729155251
2131320828
687932371
1474885616
3868505295
791202147
421332207
385368009
1006918355
1149935805
1163972782
2644710756
361609558
2751264914
1658292076
2727767197
1014274602
1405392150
142660455
2829844593
2550834291
3427056345
4048293813
1955166548
1903906984
2090579868
3456025929
3785218205
2561917058
2076878036
336752951
2330419584
2348379737
1728997576
3070935491
2794958973
3201637344
1539169780
1539289780
2525310626
1676815223
2037523370
2101910551
1274929410
2622183838
2472753635
1868136629
509771471
971207528
154137789
820335239
2558819522
4083856897
3495660359
2231648822
2146123475
2403336342
1328279419
1790871591
1938701339
2630919298
3609620240
851084787
2345647315
109008893
2476964712
338200701
966285202
3742859641
2627089942
2387214321
1239981874
1449178457
631183464
3017672071
2176618555
3752667586
2604090026
3002248825
1750087499
1928062640
1743067075
1499077540
405446526
1237374057
3308315959
3429014004
1264401916
2407826688
1273264940
823561624
3918706436
3905187278
2328385466
3879310130
1500533439
1497349992
3296921010
2055211283
2735212055
2784332864
1968931448
2396297029
446310029
1417848000
4040766574
3262777962
2753918415
2298837837
1987219562
921078753
2251421480
2350997814
4106709968
3711139638
3617795121
3930456851
226356660
1052112063
2858588726
4066648692
2226906545
1452325059
189034843
201222477
2561263347
1733960298
90138519
2215797990
1730275878
364415731
3274172162
2805839281
3516338340
2232194920
3066486493
2658387835
3367281947
339032172
556578446
3916572674
2460352966
761989368
696678483
2541157495
35925865
1936771597
2443300234
3670148469
1381703342
2183549617
4157790757
2641353120
2660515153
1768309532
3647428823
1383859785
2519796555
3735837860
3344754704
2917275926
141331611
722072246
660400866
2297014332
2971566712
3893009314
96873852
3825821366
1227672675
1098372281
145005633
227292810
4238126758
110771401
1711085513
1720847801
240591297
1524100697
2908124222
2677667758
1898414173
814297895
2533506642
3186095807
100301427
2375724404
686313830
819955954
2143134013
4103031667
4092840323
2363089563
3381263841
4252732780
767681841
3558595671
1228874671
2384119309
3115975987
2033812053
4215825250
639831427
1719012318
2513168811
2371525939
1837409242
3737180978
2836156721
50262383
3189110079
2123466672
3572739584
731030462
2000768542
3414961365
2033598464
512764100
2110666772
2550717139
3722368721
4182722804
3118036683
1670072158
2512376890
2082454676
2785489219
3428387056
1838155867
797983435
2618685250
469597927
1611375205
4283422908
769398985
314452845
3777730857
3480820269
1590283306
2215960460
1298685244
3698429439
3068939552
2577082537
3933393531
3251526962
3289983050
3494983722
4075343469
1088988593
2809792055
403694476
3949185344
1338353953
2904091816
3851767378
856291271
3654944303
2488921166
3732214188
1791058508
4111103791
2210850254
3967003700
3687341450
262954002
417692039
1606620423
1330001605
3283941358
286177816
395423048
1751189484
746773120
3326813883
1931434876
3041072809
682455090
1297876383
3541312196
2716231409
1787092087
750386568
498024448
1840188241
2307199149
688845276
2448743830
1810616405
2263563466
2917723829
1608887649
831073856
773516302
1195921428
3567039107
2652033658
1489113732
4058278687
2472760573
789935027
3684307912
599361230
170276803
1782512476
137842525
3107650070
846037111
2085908177
2450148970
1382683180
4073186821
668166094
2246269867
57802762
1977857286
1859158775
2640473498
1016268332
2426741963
2357697386
4161605002
2284246774
2982564577
3534032119
2957328389
3677783736
216380345
319935826
1177093788
3507179211
3320112849
41406035
530631155
280660336
1108474989
3198390212
3968448738
282174237
1767073349
2530457879
1502690115
221813987
2209907152
878537350
1268638241
313466547
2358489754
2766509384
2468073847
3903312788
1971547624
4125360919
1051749868
True
f259ff5b4a77cd1897780edda3ccfae422ecde
